walls: [
	{
		x: -13.87738419
		y: -6.41642761
		width: 9.94999886
		height: 2.77499962
	}
	{
		x: -1.60000038
		y: -5.41283035
		width: 15.92499924
		height: 1.99999928
	}
	{
		x: 15.08665752
		y: -8.47943306
		width: 24.73683929
		height: 3.84210396
	}
]